12998
13066
31718
3653
29313
3381
23183
32531
31998
19780
6414
28621
11622
7821
16118
27921
13293
11840
19268
9778
15785
1005
15065
10717
20132
17222
21294
22013
560
15143
1347
32475
9594
26067
31960
4490
24674
16001
12256
13698
24714
4119
563
12683
15021
8501
20867
6109
30259
24949
32145
32133
30466
31729
16544
16650
14742
29446
27690
9297
5460
10584
24019
15806
31003
31766
16539
1180
22045
21120
28247
31935
11501
18086
1378
17767
28888
19314
1680
3944
13689
29672
3939
16008
23176
16301
1154
14889
10739
4294
16486
12584
7216
11939
6743
21764
14033
31324
22935
20547
14681
14394
26845
31761
3150
4729
24068
6443
9871
14668
10757
4091
23784
17442
1315
31748
20452
14376
27493
1665
27618
22543
15689
21577
12139
8463
22711
2806
11203
6444
15924
12614
29630
21176
5720
28354
27861
18713
11138
28317
13945
31436
11210
27102
7080
25770
18231
7362
17085
17002
32307
11099
3980
14440
13371
14718
27566
19108
23259
14812
26906
17678
18650
14447
29429
30977
4530
9240
172
29709
28994
23430
32575
5113
8135
345
25824
7176
8713
23431
8892
12156
27090
16895
26905
21849
23204
24717
29089
26987
1707
20478
17405
7818
14321
19076
10406
30237
6609
32604
15864
20701
5806
18861
25481
31964
15845
20148
28600
25797
17919
18206
25481
17509
32556
30645
4272
1642
18925
7487
26091
12139
26128
20387
21909
31273
11745
8270
2681
2325
4511
30677
24292
20754
26413
30428
18942
8571
25098
24118
14169
28008
18307
16974
31947
14893
13095
3525
25209
22308
32636
5980
28981
17069
9968
20245
31498
24690
12562
18069
4628
25840
2
6349
24981
6707
4646
29913
7494
25056
3103
20520
31467
6265
7932
990
27178
15837
7853
22902
32413
1806
23738
19116
16422
15671
6965
30874
21891
3566
11245
7713
15650
12470
4068
394
2102
1480
11011
10605
19466
4627
24589
22738
15765
31873
10450
5783
11088
28796
32421
17426
18756
2481
9999
1782
871
11539
14533
2683
18984
29475
27864
23481
3401
1903
4140
25941
22765
8537
10539
20064
18674
31258
9658
16508
18048
25607
9580
22849
17378
26386
13302
19167
27285
1683
2020
28676
28575
5193
6538
22272
546
13467
9788
2087
2097
30756
29634
2934
7650
11887
26630
29050
2725
22015
18704
25454
8404
19859
14644
32420
15243
10920
17290
32550
20153
22846
3231
32156
15735
26847
31594
17520
27289
10974
28290
49
14211
1501
20878
20277
25919
8849
9980
29827
3020
21962
23030
12783
7096
27565
27793
3463
7665
14404
22088
1582
9688
4410
9898
31623
10647
5343
16463
19733
13492
25202
16400
29856
10471
10144
25719
8154
297
10056
2421
3394
19214
7553
3155
12361
19028
9438
11243
24755
31420
241
14616
6465
25624
29197
11115
2445
29862
30288
28192
32565
21916
7137
31056
27195
28164
18551
2920
172
1994
6683
5849
17792
19220
17710
14353
30402
977
5037
18347
9969
26005
27060
23778
1445
16804
29505
21580
7029
25421
24379
11973
32025
1657
19379
23720
14796
7299
18281
18758
2292
21322
3218
14992
31493
4741
22744
22807
12707
25431
1699
29751
25351
30244
19351
22158
11427
15010
16478
16051
30985
15923
5543
20517
32009
17522
6766
4226
4121
19979
30590
17658
25595
465
17461
17410
24473
11274
22664
3917
8500
18445
70
18936
27581
18448
29601
24325
899
3899
14570
27658
15887
20993
21404
17450
18764
20655
25756
8005
28140
8261
8127
18796
20742
30086
14989
26264
30980
9803
14405
7835
6588
21788
14113
17750
27613
31489
8922
21293
5005
17302
28783
16824
23120
28510
18211
8379
16428
12377
15044
30553
10251
13529
31539
17796
9056
21649
7457
14776
8461
5103
24599
28393
901
29100
5561
18106
25133
12961
3659
13295
31241
8156
11892
2341
4500
27379
4674
8128
21487
11416
24943
27430
26430
12654
14563
19499
16976
2331
19833
14539
1406
2975
11270
3103
23253
18660
15000
4746
8567
5781
24315
9780
26686
12340
28290
28601
31651
7527
19203
7970
2782
21139
20772
12564
10319
16300
31701
5191
10525
16716
24862
17210
10269
10242
27675
9765
12277
18924
30789
20784
20609
21128
12786
29410
9077
17607
24608
1756
1092
25443
31598
8391
32577
29555
13931
25483
15364
3389
23315
30913
26384
28491
8599
7276
24243
1985
25693
4323
10029
10221
21832
3858
27156
5664
6201
1762
1270
29116
26326
17398
27457
7567
8586
19096
24416
9311
29132
243
18215
19398
24997
30850
8049
18753
3180
27592
21255
19843
19669
17474
30916
23055
3114
15514
15607
5381
5847
29469
31241
3900
6700
111
17504
12434
12127
26237
28034
16000
6096
27572
17022
12530
3729
13937
2440
18773
21286
15544
739
8177
20873
23592
28932
7033
2930
11822
27636
1760
9940
27770
1014
14703
17835
31151
30570
1301
2805
25183
32753
24318
28926
27190
31442
30310
21729
31093
28828
11696
23372
32418
16397
10674
4739
6270
28723
27476
30120
7224
28113
10073
13625
19424
14340
20604
26842
20766
16422
1983
3669
20516
243
26368
31199
9953
4330
22989
7069
11384
13302
30841
15974
1264
12366
6511
9163
23853
27290
3271
8532
8991
3415
13847
8973
3641
16252
30860
14145
3109
11870
10553
1926
26038
28369
31662
25337
12318
31120
7373
15819
24161
18143
28633
18941
1801
19822
8656
3431
12828
26753
1787
6399
17227
26958
30403
17752
21612
22438
6598
6249
5162
9688
24106
14480
31995
23507
1585
4311
30803
32138
1294
2677
16920
12445
7672
32664
8277
25909
31100
19297
17202
1583
9495
6960
24868
29822
12548
25891
25441
20938
24659
10201
13975
24157
7995
22396
5085
28224
13233
7166
21994
14753
23609
17570
11908
3192
20733
5311
20540
6507
23324
19905
24665
29678
30276
6768
17682
30126
12419
16245
9216
4912
15450
13593
9426
25525
26900
3665
19523
24674
30037
20728
841
7837
28662
9051
7823
2490
6928
29434
31270
24535
1367
30861
32120
30212
19882
15686
7037
1960
17640
1366
9009
5408
25092
17330
29765
5544
15452
31511
27668
127
70
12363
7898
28998
4588
20903
12576
27561
21083
14290
25979
578
15062
9167
12918
25786
17008
24122
29901
6450
16858
23502
4572
25825
18809
2859
7766
10238
7611
12246
23866
12512
19884
28290
11011
19044
6084
28302
10528
2447
4355
13518
15779
7796
16961
7054
15165
11352
12223
3028
17770
27925
32513
23526
17641
9148
12000
30476
111
8830
5595
12951
11676
26573
6830
29730
3630
5822
23334
3352
28021
20146
13619
28535
4615
9781
26175
8147
30644
19750
13502
2205
26044
6681
22534
4773
13632
1785
4705
9950
23543
24818
12641
32097
3874
12173
26740
23989
4802
5917
14776
13390
2312
14939
24849
8531
22029
24397
30072
25765
27587
23404
13462
19228
4652
2821
11409
276
32713
22496
14374
28200
22102
4896
248
32317
22452
9834
31783
31683
26407
24649
5413
24375
10945
24529
31429
14316
24862
25475
17045
4620
16210
32625
22126
32217
27424
32419
24649
7225
25965
29624
10324
21618
30963
15568
6470
5938
314
32426
24303
21202
7620
23306
21267
31963
9608
26206
11384
21706
28323
8352
9278
17424
15945
30078
1391
32605
29953
1977
23255
19742
19218
19403
12054
5445
12600
13772
4851
7752
10652
32406
24051
7020
11523
17448
23851
28739
28742
2376
25682
19827
7682
22637
29978
2746
22672
3547
28864
25135
6200
3344
2018
28875
14753
25951
23698
8231
20620
10715
2728
23943
4802
118
2652
16920
28491
11370
8468
4214
9697
6104
21626
11121
29349
8367
5074
27153
8720
11472
2955
27864
8491
18800
22291
22598
24067
22973
1264
6307
3159
6340
8461
4856
8853
29330
14673
26463
8965
30873
4214
10364
1347
30038
29465
11340
21490
25393
25357
23069
21167
19109
3317
6622
16452
19360
15378
18585
2334
22061
16473
22078
32258
22096
31433
28834
25339
22321
1019
24519
27287
24957
8443
30558
29010
6410
31318
16778
3411
23994
18804
18151
18006
29601
28712
6091
2538
30314
11910
31436
12252
7158
27381
25730
8947
2631
16517
7310
477
17565
18306
13274
19562
29662
19529
12323
28920
3643
26714
4277
20015
8721
12719
4214
31982
18445
29772
18726
30340
148
10776
7141
27428
98
9451
758
23699
12401
7912
12482
20772
25884
9485
8224
13030
4228
4104
31187
12060
29747
32588
29524
10733
5631
2661
2771
6749
31793
7304
17528
25212
29927
11887
19694
30685
27831
21092
9506
28746
6293
18075
15176
18102
30455
452
5408
27763
27703
28129
28535
31398
32312
17749
30448
6135
29516
17982
32260
26253
22613
12293
21576
3641
12843
16180
8942
14065
24126
7047
29327
1921
26237
27717
15912
31869
19574
1744
14178
11130
4030
27515
8214
18045
29587
1181
23824
29620
18368
23524
9747
19812
14529
14827
30494
7715
27432
25614
9966
11591
26175
27773
18116
12190
4591
18575
12136
12384
19424
8537
24430
1633
22498
4736
3768
10635
12172
19275
6972
31884
29986
17916
13063
24268
3516
2401
24450
6818
9893
10406
22005
967
10754
30061
12617
23051
26292
6176
30994
17478
28543
646
6605
30610
30059
28821
12901
24247
8554
27528
23293
21991
12604
817
18665
20140
23440
12687
29693
28702
16236
7331
8459
1881
25294
10880
30119
23598
1172
7074
31021
15897
17817
8064
9990
23923
27937
5988
30246
17641
19575
31611
31193
1837
1492
5672
32704
29931
14979
2462
20246
28415
25667
21422
27960
10469
24045
17373
2917
28529
24406
6074
450
18368
28791
12655
31649
31342
6091
7317
14594
24329
18425
21837
2394
31686
20659
1420
25492
19827
22238
11446
16214
19373
6131
25967
4997
32083
31909
15790
7691
12603
16068
21778
22744
12067
9825
13690
16422
29930
8755
6608
19970
21504
16185
5925
20232
795
17313
23555
29806
30763
28905
31230
18244
7825
12612
28045
24825
15755
13375
22552
3362
8947
16036
8274
14455
26154
12702
27849
20766
22351
3359
11452
31789
28340
29055
9004
17514
20626
25702
10293
9813
14587
23787
5279
7528
25617
23293
2993
5789
18038
3586
5957
27697
10755
20159
18978
20135
701
28792
23685
16145
4100
11608
30465
32395
7694
12819
8073
5896
31636
3273
31948
24913
30667
814
25537
11338
31894
5096
25474
26999
6394
10040
17245
704
4050
13021
10024
15729
16068
21813
19926
20101
29043
11174
7752
1060
29942
26684
30309
10346
32650
27283
28781
362
16515
24568
4746
4723
11401
11979
7337
658
23040
12583
26759
19543
456
710
4111
6876
30759
26142
19939
30724
12803
1232
19513
12289
10837
3907
21992
3609
15322
32652
7618
22185
17164
914
4133
8810
7248
21103
25293
32499
21105
28953
22252
30847
4429
10817
24957
28913
12494
15739
11733
26645
27676
2464
11899
6441
6417
13936
12345
4508
29678
8572
9075
9493
21324
4676
4024
25271
22613
31132
26007
28580
28467
16468
8884
27327
13257
26903
31771
15799
3745
2452
723
32577
7718
24284
30391
19108
16404
267
15233
12411
20268
31275
9256
9398
26924
17493
2156
3555
20734
29465
22702
22956
16688
3105
9222
15008
17060
21264
17552
29494
23433
3248
9734
21006
10889
32077
23188
17275
16964
9820
29159
7231
22782
1889
18056
405
8340
26127
13672
4725
23221
25008
29628
13843
32078
21959
30474
13225
31558
20468
9092
30582
1388
7449
13462
10502
22446
12731
5051
30389
26251
29099
4500
14959
203
6885
13627
23481
14701
22456
5589
4853
11745
15399
29286
29153
31863
12944
31722
21858
32536
7051
1441
9344
7732
9493
4010
177
20475
7406
24531
19290
6096
16959
7344
9363
6650
23168
7914
18219
6045
3481
27866
26091
26345
19783
5206
28191
15250
19394
22219
21331
21376
17821
23436
18523
23495
8941
23658
2454
8665
13229
133
7283
25851
2913
22882
10291
23541
16378
13885
19441
17166
4090
16800
5600
1591
13272
7476
32725
23431
24230
28632
5381
25063
12785
6640
9487
6159
10473
1023
10301
16305
16065
15225
14598
243
21593
20946
18136
25123
6427
12763
26133
26534
31523
24398
24924
28722
25250
21671
28681
8510
15492
29494
13823
30646
6224
14707
28837
20722
23888
13201
29998
32745
23283
23126
25630
17058
14447
21545
13833
11244
1962
19565
1438
21839
32603
21773
15077
27970
8300
1624
31685
30110
19108
20752
1481
18003
1154
14013
21796
10330
31340
23623
15602
7403
30985
10948
21696
9455
26347
29327
24399
7352
369
17562
3733
32752
24811
30213
18693
10703
2048
495
21520
26001
589
15756
2028
25384
22095
4727
28820
25646
20099
13130
16
13597
24011
32365
13814
18114
8980
811
24625
31727
20534
23819
22785
32625
30747
22877
26179
13889
2084
6931
7667
8703
28872
12498
29679
18331
16767
20809
21757
28246
15326
12738
29456
19177
8707
10998
9927
27395
17459
8230
2615
29945
4546
23655
12522
4025
12595
23102
8487
1793
25505
10604
29300
32718
14174
26379
13658
20758
19929
31706
2152
21689
14533
5334
32379
17590
12919
2570
14908
30874
13712
10151
25321
5951
14301
3415
22105
4274
3195
6095
15418
29813
12607
2211
24222
30695
2900
24671
27574
16640
22310
7891
1244
18753
20351
23982
16087
27883
20464
31055
30555
31344
30323
15319
9168
22055
2126
16003
32084
1603
7739
30009
11779
15110
23493
6240
25462
10034
13813
24821
27273
15553
3374
19163
14434
8661
7766
20851
1199
29170
3894
23149
22830
8043
6692
17118
14963
2330
7391
17042
19942
6228
3770
6563
8459
31516
8701
15434
30214
20119
5256
28918
14686
19905
29625
5275
1281
22621
22416
31053
21640
26162
22801
4877
20157
14964
18410
26339
18522
27521
25430
28717
25620
4814
6721
28726
29656
14624
5805
23562
32597
21247
6228
23689
5050
24935
25231
5307
16577
2754
16758
8803
26348
16403
27209
3287
15118
17012
15119
5646
8974
7362
7548
8699
20456
26007
4376
10265
14580
23928
8350
25416
23659
15696
18082
13271
26919
18717
1399
26594
13738
31466
13904
24030
10338
23037
21413
13682
29996
21073
17113
648
21526
8263
24857
13989
5481
9368
22407
13429
14055
13454
31384
16811
24145
14964
14522
19208
23852
14923
23611
11960
8645
3774
9318
229
14707
29272
31215
32391
18460
10485
17041
8825
6394
23926
6133
4306
11423
1977
26070
19570
26679
28361
13155
27355
18958
6993
7140
14915
18258
20055
15009
3559
14105
20518
3583
9377
28325
11148
5613
23997
29415
10566
12670
12297
25411
8121
32727
5931
403
27363
18508
27447
31598
8336
11718
22145
22698
21713
12648
23984
13087
682
18546
11796
7086
27915
2405
9786
20611
3073
13416
19645
10390
23086
6890
10590
22648
5751
10889
13399
29772
19964
7986
20461
21267
16973
8330
69
14126
32731
20109
21880
24605
14508
373
15337
27021
14163
16606
9943
7058
32288
13863
18734
4145
26260
7707
20643
21025
21783
32209
22271
22738
21741
7888
32187
1455
12391
5751
26574
1697
22870
23709
1475
16852
13765
13684
26638
11965
9448
29363
2976
16476
20559
20468
21689
17598
7519
28250
11262
24007
21251
13176
29131
30510
18335
3950
15306
24009
11078
28245
4293
23563
16940
22750
5816
32715
9054
2101
26411
27974
20400
28972
32190
25448
13559
2709
29958
21831
29049
21231
1431
15601
27554
22854
31586
2919
4601
19796
5442
23017
22354
23276
721
16500
16196
21657
29824
30090
3805
29058
29159
6961
30101
8848
27225
23870
17025
17107
13244
17619
31177
10018
27543
25895
24156
20738
28269
17797
17378
18634
22858
11416
15603
25348
18843
12517
31110
29973
20290
12953
27052
15649
17642
8837
30846
297
664
14951
29523
10614
7811
2667
28983
23099
12326
32753
20121
20598
18835
18833
4420
1559
6922
15452
18577
24932
29898
7781
15834
29596
6951
31361
2353
2778
8413
24906
24146
6973
15268
15210
9687
17222
18181
4374
13995
28545
26987
27352
17345
24936
3965
12178
20998
7556
12715
9152
19092
1237
6151
28157
32040
7540
4183
17609
9942
20087
19048
10633
20731
4885
20133
21711
7284
26891
17127
14300
19725
32317
29071
14179
10556
24993
18131
912
528
15193
14421
12617
30564
20511
19194
30900
19544
21478
11001
15609
24578
20414
2610
16713
7776
7929
14530
12063
32145
18316
11220
20933
23365
12728
26297
11035
20083
745
31292
17812
16714
8158
3631
26497
26473
6666
10570
2962
25682
3130
11062
17049
13852
10873
11492
25234
14441
2352
15139
9953
21400
24466
8050
9690
11324
18743
11026
16262
26316
19207
14432
27044
21404
8026
22114
31983
5899
3422
21152
26527
8702
20408
5429
26930
3726
20078
805
15212
13566
12292
23281
19613
3312
1509
16233
28450
11992
6149
25794
8750
2480
5061
5096
22475
8430
8727
30741
23579
26291
10466
27299
16868
1605
15272
12575
30795
12991
32614
24990
28128
19975
1467
24916
25819
31745
25421
12642
23717
30210
1385
32240
13467
12936
2793
9084
27662
13608
9307
7793
9102
6855
16223
6396
17256
13837
337
2843
27501
20503
21800
8439
4085
24940
4254
23411
26660
22323
29842
7941
4460
14499
3242
9413
3155
16570
12860
451
30327
16434
13935
14494
9679
23473
30621
2386
2355
31296
26108
29522
29215
30718
15230
7639
11188
28949
27381
6775
767
14574
2683
13817
9342
20897
15633
19304
29408
30640
24454
19814
15117
5620
31899
31171
26982
13783
19556
27470
9294
16324
17137
32235
28649
8156
29230
14566
16163
8939
17160
13191
5621
8090
18897
10215
8420
16358
14822
10241
26058
32464
15503
10508
29144
11862
12070
22793
10460
6563
3196
29336
6592
6019
1400
783
31827
8473
3329
22221
15437
16596
23326
32716
13709
28063
11100
10870
1444
9816
14961
13498
5783
24964
18206
15198
18145
9537
6746
4503
21176
23419
23212
22231
25233
13923
11993
7910
25318
14621
29631
24628
2359
14521
2433
7278
10831
26981
31716
30543
17864
19425
2553
12217
27345
3891
20733
12036
23087
15003
7805
8854
2434
13257
11709
21427
27594
30030
21595
12695
9001
2385
25136
16834
32747
7299
14455
27284
28867
15701
23601
19481
18519
7016
1992
6950
31743
23364
32754
12965
16330
21070
12248
20269
9155
16116
20600
10454
5746
20779
8007
24395
28837
5915
26651
27680
28272
8728
26185
3942
14706
30677
16650
27261
26714
9172
10020
15658
6058
32033
19910
30953
32699
29760
22195
7813
11265
32100
24994
6629
14225
27362
19685
4137
13024
19428
26954
21494
5838
9058
9535
29709
26851
2894
29497
6179
29912
6159
28502
8173
16217
4145
2113
14458
5641
19547
12118
23493
24775
21377
21510
28299
6192
1882
11901
28762
1380
29973
7555
29163
12045
7752
7072
17841
6046
20009
3972
7858
12505
20224
31653
4502
10388
5084
20778
11261
29372
10885
27144
5654
13466
2483
28267
29294
30037
3965
10583
28677
14265
17428
4239
17063
24886
13489
950
30073
4652
31436
1716
19411
21350
17295
31579
9293
15588
27530
7755
4637
31197
680
19218
8352
19972
19554
19352
30006
11
4146
14011
17235
19813
20043
8758
18131
19281
11399
11207
14478
22804
12193
7569
28973
1925
5284
12735
11836
6607
24227
14698
11648
883
27819
10940
4746
1932
11254
23126
19084
23895
14945
25584
25196
32242
3360
1599
791
32612
28593
30236
2072
8414
28430
27874
25705
27713
1319
30232
18824
4319
6287
16464
17614
23430
9334
30030
18173
28603
7383
23917
18968
9795
25330
21055
2423
13544
24061
17524
26
889
3095
22781
8510
21011
8061
24945
32558
5279
31744
13231
21596
10140
10423
9413
8880
16927
2545
11024
23840
18711
30573
27557
20353
26582
718
14064
14492
4557
585
14491
19077
20887
13217
24241
1320
2362
2901
15364
7973
1961
1048
27084
28894
6029
641
11408
5581
27460
8452
24650
14364
2602
30753
28614
14959
8984
14043
23371
13317
26667
8044
4733
29439
22471
15415
9602
30975
5851
24830
4452
9717
16486
19541
11190
1334
20026
32086
29051
28879
32512
4503
15683
32536
23932
16217
10391
28300
19730
16386
7319
983
16265
16078
21986
3633
30736
8129
24502
1515
32638
13024
19033
31047
11742
10144
8375
15245
27947
21663
24908
2651
6488
10130
32324
7485
8595
20862
10465
21373
20171
812
27678
29757
21360
19927
23186
13506
2170
31783
21398
30995
31660
30563
9130
707
13082
3298
1045
523
18921
10178
15820
15644
19030
21213
29589
16818
26873
5881
22380
21741
1355
2367
20262
5469
4967
7663
19540
859
21261
4945
23402
25504
30700
2287
11809
12304
10017
5889
9497
2775
28155
31273
7363
26551
5633
10080
382
24480
31286
23600
28416
25218
16795
32549
24312
15199
8950
25726
10993
6820
5586
19239
25978
6841
5319
9708
20100
29399
21755
1255
26379
19482
5865
13114
26617
27863
29793
23812
8263
11823
20432
20877
32357
28644
18626
13764
18652
32364
22949
15084
18994
8004
720
11666
29709
14215
9924
28866
15772
16575
31665
14714
16691
32763
13884
7775
23861
13090
20863
20399
23607
10374
6225
2935
26722
29884
21448
8710
19993
15020
17149
7841
20956
14820
16399
26744
7533
5938
13931
28633
2097
4977
20042
15268
16088
9379
29051
27391
3649
9536
3426
32586
21911
3534
13889
598
25537
27826
4022
23761
17401
4166
7813
28933
15802
5931
26520
19907
3040
23265
68
3481
3851
26772
29646
13899
32580
31801
8750
11393
24803
12762
31762
4030
16559
24878
16422
4753
31560
22381
7571
8975
5058
25442
24517
30592
23955
26562
1906
21337
32175
26556
29912
6251
1777
16849
1862
30809
13757
3302
21981
23119
3812
19352
26008
18673
26055
27087
138
31890
3520
14486
4711
21927
15037
23594
11846
23419
21806
24656
8613
4900
17698
26348
14510
17077
30892
9424
6073
29877
10636
8402
19985
20432
9739
26913
1531
5837
8487
13017
30196
25792
19952
6100
30523
31105
18994
26308
25999
10844
7252
14718
11322
19210
18560
17817
9294
8928
16645
6968
10287
16967
13817
17956
81
19564
2082
1310
3395
2361
25367
2931
21229
21379
17058
208
18710
14213
26473
13144
5417
21901
32461
12276
4408
23797
531
13546
17473
13141
4289
12978
12208
7159
19019
20229
5670
29579
27375
7734
8057
21532
12254
1733
32252
13635
18076
818
30976
23707
19369
13839
154
12916
7265
1113
11943
20172
33
10760
22798
21115
27819
31973
6469
24749
27084
20892
27927
19605
22588
14098
21668
20320
8133
31736
4521
23144
2215
12961
27649
22955
17468
10000
8044
31355
26840
31574
22160
19063
25843
24091
22333
17081
11658
3962
17397
4945
11202
10258
5804
17138
11727
22105
14540
30444
24340
1588
23676
30554
2955
9925
31522
17309
12904
644
7462
19209
11257
23954
20218
7645
26321
20042
26455
10873
37
1048
713
23243
15222
28814
22637
9739
7536
1716
19449
27304
11795
1184
24830
9346
9744
31559
29546
21337
2934
2195
22865
9605
397
30646
20973
15080
20482
15293
26083
5154
25925
30824
7367
515
22576
3385
11235
10566
11497
22219
564
28284
24841
6757
21942
24134
766
20431
5602
26055
22702
15716
26484
28505
22876
6761
3441
14207
32464
11165
25449
28188
12722
3601
19705
30690
21816
9274
16021
25612
13825
22853
17284
27216
24640
11946
9516
1295
8476
18436
6032
31696
14167
26912
3863
29164
30510
6740
9103
19850
25985
26386
9329
2766
3636
27324
16999
20302
6613
8122
29195
20934
26239
9419
27634
27148
10238
27800
28137
23878
21299
2959
8574
14938
22714
6126
19395
23206
29387
20510
10830
23282
2654
31555
8580
8354
30611
14353
8216
16176
8528
11745
23502
20954
16428
21508
19333
7576
18572
17239
628
3921
16395
17943
20660
27214
544
6647
19710
15087
14331
6256
11191
24989
1967
14681
1833
18943
16022
9143
32020
8817
31473
16598
17765
10162
6352
1433
9797
22748
26162
26126
26965
10138
25196
10053
13880
30869
3279
867
30291
2095
1669
21490
9680
1908
3004
13947
13801
1357
2055
24407
25699
30711
18944
3778
11352
31412
6707
23601
13370
5057
14647
19430
23829
5767
2334
25281
22292
30229
26128
11353
24391
7118
29234
26443
2723
5727
22732
19410
16971
13557
19628
8344
21774
25260
17861
4556
16944
22090
16924
32373
8557
27181
3557
12294
19515
12418
22248
12338
11344
6072
3882
12545
21348
13108
25290
15140
16440
31815
17705
5766
29911
8029
22861
8483
16923
10615
14728
2077
27764
10715
25172
5900
3557
7177
17538
4502
22863
11762
17044
19265
8946
13925
7527
29060
21041
28618
5141
15396
8341
19218
15129
30654
18965
28398
20148
7839
4757
14143
1168
29660
17580
18638
8356
21664
3498
3390
20823
13248
23258
11071
5864
29589
7172
20228
14861
4618
3894
22262
5594
23284
31172
14506
14565
5282
29326
12816
8616
23221
8577
6894
6694
6962
6241
27277
30418
27094
10437
17843
15532
7594
23395
10448
29357
27863
27789
636
8805
31418
29180
21025
19427
3131
3533
7925
20693
22107
21193
23340
6896
6925
15849
1899
402
2119
26905
10879
12966
3416
23357
29007
8905
6780
6514
2831
18602
32430
23958
5559
10167
22461
5642
11956
28150
18594
4790
31709
10544
27153
846
16552
22357
10574
10964
21406
22044
2370
27743
2060
30186
31182
5402
24572
13301
14687
1935
6755
24489
29891
11302
29084
12107
6459
19176
7701
2012
3281
12937
29001
31808
16619
20646
7406
18335
21281
8011
31343
18188
12364
3000
26268
13924
28127
14949
1441
13433
19835
19523
820
21104
7869
2373
8979
12904
29531
5151
13742
31069
22895
2894
17696
6219
4114
15192
3684
12438
27181
18005
6854
6057
21388
25774
3479
15837
11316
8997
31269
31901
28151
16917
21995
4041
20549
6651
23300
15959
24133
10550
28390
30272
13092
12043
24908
24474
20654
30700
6004
11009
17435
16122
30603
7996
3371
18632
10342
10782
31605
7010
31090
30889
30203
30606
1774
23162
24835
30545
28247
29793
5666
30133
10020
1615
8858
9162
21428
18549
16358
28395
7813
9130
14994
7234
30630
18701
15184
15759
18031
27884
9801
25380
25455
10469
1201
12084
28326
18763
11422
11854
22004
2508
6938
6437
8146
1360
13430
25490
20032
23843
24290
15580
28158
23383
11067
25910
9727
5220
36
31881
23323
19474
31576
11892
15364
8601
32063
24466
18811
18182
4799
16379
11972
18400
12628
26381
32343
8972
31075
23660
9944
15342
29387
12871
13385
26321
30654
5341
12671
5257
16847
29504
15826
24918
19787
9561
11033
2828
1741
13101
14294
4721
30477
8542
14765
3047
24825
26357
19483
25419
1543
28766
22372
5916
1225
21428
973
12000
1474
6720
27916
28867
10872
17212
10749
6786
29386
25564
31894
8583
3204
2191
15901
15958
16689
15234
23448
18215
30256
21605
30342
7636
29450
30067
32204
13558
25091
22956
21234
28747
16111
22629
20367
25692
10311
16899
16130
14684
18044
31236
8291
13650
15755
29247
17594
12667
23762
27500
7534
32489
290
7910
20224
32369
23829
13744
23544
28612
7074
12470
31776
15324
4334
9814
29681
16026
28005
31007
75
21421
9994
27609
10857
10933
3339
14021
6163
9896
14745
550
11285
19573
22006
27135
2801
1256
25808
28447
22481
13774
1741
31067
15807
30297
28007
20251
6424
25286
28666
9752
21822
21308
30491
12643
21134
31224
12844
20650
26770
11431
19245
17591
22647
23827
3285
3385
17345
1282
12002
21447
31549
2395
15533
2082
14903
22667
18945
4538
8686
18471
27181
14964
2373
30163
7512
13995
29883
12130
10261
28277
19101
9791
2360
27687
6011
29195
487
5147
30424
9863
25588
2480
29733
181
6762
26003
30705
28474
8293
8509
5466
31239
23079
23485
19399
19768
1129
23480
4313
27452
11759
29358
13982
18999
28511
9598
520
24740
21843
15917
1438
25919
12461
10979
5234
17954
16683
20022
24915
6958
28219
9387
7747
6060
528
25466
12332
16180
6901
29842
19150
25038
18145
29661
2300
9048
32076
4549
21768
4648
27458
32503
13692
4338
17846
17767
21002
6123
5656
12948
17606
4398
13610
14093
2963
21599
26639
24372
11739
1423
21412
18754
27268
23392
14868
15499
543
4202
13991
17924
29026
989
27611
32258
12248
19815
22454
23364
18135
18520
16986
14132
21683
23044
31450
26474
20529
30568
22092
4210
8254
11793
9504
5583
23521
13370
4784
19263
18031
17461
8983
19265
23550
18188
17223
5845
539
4711
8022
25219
12480
15792
13081
13470
10112
21110
18676
14538
773
23567
23280
27836
18108
6786
2574
2625
11983
23716
8156
21122
24148
17792
20037
7814
15812
252
8621
22776
7598
11194
22846
17707
29100
29245
6524
14171
14231
11085
11552
8758
24311
29084
18467
7578
17597
169
281
19105
5941
22757
29888
14555
13878
28437
18393
12506
25500
27383
31542
2036
22519
14632
17941
24900
3973
29765
27308
32754
25438
26960
14597
3764
17135
15190
13324
149
8617
27215
3303
28406
27898
16710
26757
6354
7805
28602
9082
26438
15982
21059
2058
6992
27232
11897
10883
2263
13362
26129
24529
747
27967
25929
588
23887
12757
20615
30932
10036
18665
13628
13344
840
11272
16911
5715
16623
19345
19000
30928
6864
25378
6185
17488
16020
29264
21364
20274
490
11675
32233
30226
26831
31648
19454
8860
24844
21137
23669
13474
22272
2531
4920
365
1951
29766
7048
23889
13243
21978
21846
25476
6275
2720
12785
28721
20809
28975
17378
199
1672
28072
1556
28311
3621
6379
7737
14238
24821
28683
7784
18847
2432
6144
2571
886
28676
2460
8696
24744
10173
14785
15326
830
8548
4560
10467
4052
26358
19556
28555
4077
17590
2625
23772
20105
885
13191
12480
25338
6161
31020
27050
24051
27708
2728
29564
19682
9342
21490
15785
1919
1917
22444
31894
31653
27261
31130
6727
27490
18211
19801
6711
20810
24190
15694
29831
24336
3400
7644
11355
19031
13672
218
9602
23493
24764
23876
32085
29785
278
24368
27361
31999
29060
29700
27208
29794
7381
26343
14180
3842
27992
8565
23470
7558
27111
25783
21342
11603
9252
3666
3540
5981
23555
15870
19767
28989
31881
28474
10588
5253
21971
23359
14825
12368
14425
14130
11194
6429
21876
8861
17795
19165
2334
23072
8119
20810
28921
612
5033
2683
29844
8017
9714
30645
8937
2945
28690
4229
2346
1012
19802
19467
26301
7173
20233
21657
25221
11676
15285
6525
9571
6566
7660
13082
32252
27842
9756
19774
29117
15421
25520
2991
24349
20289
6524
7431
5410
26697
12635
28610
1063
17112
4886
15766
27612
6507
25224
24835
10894
18348
26880
10538
4521
23784
11751
8162
25467
12995
675
30217
24122
23595
1466
2584
30793
138
24891
15610
12727
30528
18522
2335
7945
14160
30810
4044
4409
28505
16560
4277
32510
22985
22117
32717
4942
8525
30396
11613
1313
27020
7445
13395
7289
20500
20497
8925
2207
31124
18935
4407
27567
32589
86
6850
16214
20675
20204
27989
30427
23992
18887
25303
604
7258
31402
22798
5979
16316
3506
15282
25209
12931
12601
29894
1664
10722
11515
14120
3239
25800
29815
22374
10770
27479
14489
9939
32409
25241
15509
1242
12490
18542
29206
6803
2865
11209
8344
29844
32471
13596
7186
28426
12040
4881
20185
10248
27225
8059
6849
27678
13546
20620
21893
20782
18409
19016
25705
29563
10839
9273
15133
2307
18191
14181
16869
16143
9220
2173
26359
5640
7882
8791
24356
12172
21080
29854
22971
17089
2572
2761
11179
10985
26095
12105
13799
17463
5179
20231
2831
2785
17434
12557
6220
12407
13745
22147
21884
7027
2909
5854
16527
1297
16444
19540
10288
10593
26608
9363
2472
15770
7071
27058
1536
8369
14398
22376
12902
31274
21008
20604
18387
