10
14
28
47
52
52
62
63
64
93
107
113
114
119
122
124
128
139
146
155
160
161
176
179
179
180
184
191
197
197
205
210
214
224
231
232
239
240
243
245
248
250
253
254
255
262
262
265
266
269
278
302
325
329
340
350
352
353
356
377
387
391
392
399
412
416
426
444
445
447
455
457
461
463
463
475
480
480
482
497
498
501
501
506
518
519
520
521
528
532
543
556
562
570
584
584
585
587
588
595
610
629
631
640
657
669
704
705
724
739
741
757
757
764
768
779
784
784
785
786
786
795
796
796
812
818
823
825
833
837
840
852
862
864
870
879
880
882
889
891
896
906
908
911
919
926
934
937
940
949
955
965
970
982
983
1044
1047
1059
1059
1060
1064
1067
1069
1074
1074
1085
1094
1096
1101
1105
1115
1128
1129
1143
1157
1161
1164
1167
1174
1177
1182
1184
1206
1228
1229
1230
1231
1244
1250
1262
1273
1284
1294
1295
1297
1306
1306
1306
1317
1321
1329
1358
1362
1363
1383
1384
1398
1404
1413
1423
1423
1424
1426
1427
1438
1446
1454
1459
1461
1467
1468
1472
1477
1480
1481
1487
1502
1517
1524
1525
1530
1540
1557
1565
1578
1582
1590
1595
1601
1608
1625
1627
1638
1652
1655
1657
1665
1667
1675
1676
1677
1678
1685
1699
1705
1717
1732
1732
1743
1754
1758
1768
1769
1771
1774
1780
1799
1801
1810
1821
1822
1826
1833
1843
1844
1845
1853
1861
1862
1866
1898
1905
1918
1925
1929
1930
1935
1944
1946
1995
1997
2015
2047
2054
2058
2066
2071
2072
2076
2077
2089
2093
2104
2114
2123
2127
2127
2136
2141
2145
2149
2160
2175
2182
2196
2197
2207
2218
2223
2229
2241
2248
2251
2277
2282
2300
2300
2311
2333
2337
2338
2342
2349
2360
2361
2361
2367
2369
2371
2374
2386
2389
2401
2404
2409
2419
2420
2421
2434
2435
2442
2446
2456
2459
2460
2468
2486
2489
2490
2493
2494
2505
2507
2514
2515
2517
2517
2524
2527
2532
2536
2548
2552
2562
2564
2568
2568
2570
2573
2576
2581
2585
2588
2591
2592
2597
2603
2606
2609
2624
2625
2626
2638
2683
2684
2692
2704
2705
2709
2732
2737
2737
2738
2740
2741
2742
2743
2747
2754
2756
2770
2775
2782
2794
2800
2805
2806
2812
2820
2831
2833
2840
2846
2866
2868
2873
2875
2885
2887
2899
2902
2903
2907
2908
2915
2918
2944
2958
2967
2975
2985
2990
2991
3004
3009
3010
3026
3027
3052
3054
3066
3067
3081
3089
3099
3124
3128
3133
3134
3162
3171
3185
3199
3208
3209
3212
3218
3218
3223
3236
3237
3257
3262
3281
3282
3283
3285
3288
3299
3300
3305
3318
3319
3320
3321
3334
3335
3338
3370
3376
3379
3411
3416
3417
3427
3438
3444
3462
3469
3475
3476
3489
3491
3498
3500
3514
3515
3516
3518
3523
3524
3526
3543
3545
3560
3569
3569
3572
3576
3577
3584
3599
3606
3614
3614
3621
3645
3671
3675
3680
3683
3686
3691
3696
3706
3723
3724
3732
3738
3744
3746
3748
3752
3761
3774
3777
3779
3789
3790
3806
3824
3825
3831
3838
3839
3847
3852
3859
3863
3865
3867
3873
3875
3883
3886
3888
3898
3907
3912
3918
3927
3941
3942
3950
3952
3965
3970
3976
3995
3998
4013
4014
4016
4017
4024
4027
4029
4034
4052
4055
4062
4082
4083
4084
4087
4090
4100
4101
4108
4113
4115
4125
4125
4126
4127
4140
4151
4158
4158
4158
4159
4162
4163
4165
4166
4172
4183
4186
4209
4225
4225
4233
4236
4241
4250
4258
4270
4272
4277
4281
4290
4291
4297
4306
4306
4310
4313
4314
4329
4346
4354
4367
4369
4373
4385
4387
4388
4394
4395
4400
4401
4402
4405
4410
4419
4420
4434
4434
4437
4446
4451
4452
4456
4461
4462
4468
4478
4483
4493
4494
4506
4507
4514
4535
4543
4544
4557
4559
4569
4569
4584
4584
4585
4586
4590
4595
4598
4605
4622
4633
4647
4648
4649
4655
4672
4674
4674
4688
4707
4718
4729
4736
4749
4756
4762
4769
4770
4781
4783
4800
4807
4815
4824
4834
4840
4846
4858
4862
4870
4872
4879
4880
4885
4887
4891
4899
4908
4909
4914
4917
4917
4931
4933
4938
4938
4942
4945
4957
4963
4967
4975
4979
5002
5012
5013
5042
5050
5060
5061
5075
5076
5082
5084
5096
5102
5114
5125
5132
5133
5135
5140
5147
5153
5154
5159
5163
5172
5173
5175
5177
5179
5187
5192
5199
5204
5207
5219
5223
5224
5235
5237
5237
5249
5263
5268
5275
5281
5282
5284
5287
5291
5302
5305
5307
5308
5311
5316
5323
5324
5325
5347
5348
5359
5367
5370
5382
5385
5395
5398
5400
5403
5406
5407
5408
5428
5436
5441
5444
5450
5464
5470
5471
5472
5472
5480
5484
5490
5504
5512
5518
5524
5528
5529
5532
5534
5546
5569
5586
5592
5602
5622
5627
5630
5633
5640
5648
5662
5669
5676
5682
5685
5685
5688
5696
5710
5719
5728
5731
5731
5776
5781
5792
5798
5806
5814
5821
5831
5832
5833
5834
5836
5837
5846
5858
5860
5872
5873
5880
5884
5892
5893
5904
5912
5939
5951
5993
5996
5996
5997
5999
6000
6003
6016
6017
6028
6055
6061
6062
6064
6065
6072
6077
6080
6083
6086
6093
6104
6111
6117
6125
6128
6150
6155
6163
6165
6180
6181
6186
6194
6196
6210
6213
6215
6215
6229
6232
6239
6248
6251
6265
6270
6271
6276
6287
6301
6308
6311
6313
6321
6326
6328
6335
6338
6339
6339
6345
6347
6351
6354
6360
6367
6374
6377
6378
6383
6385
6395
6399
6420
6429
6441
6443
6443
6447
6465
6465
6469
6469
6474
6486
6493
6493
6513
6524
6526
6532
6532
6537
6567
6572
6583
6585
6596
6597
6597
6614
6630
6639
6647
6663
6668
6673
6675
6676
6691
6691
6693
6704
6726
6735
6740
6742
6748
6760
6764
6770
6772
6774
6786
6787
6793
6798
6827
6828
6829
6835
6841
6851
6851
6855
6860
6872
6886
6886
6892
6894
6908
6908
6911
6913
6933
6951
6955
6958
6958
6969
6971
6974
6974
6987
6994
7002
7002
7004
7008
7012
7015
7017
7024
7026
7028
7039
7040
7041
7050
7051
7058
7061
7062
7064
7083
7099
7099
7110
7113
7118
7131
7143
7144
7173
7174
7176
7190
7195
7202
7212
7215
7218
7235
7239
7244
7244
7251
7252
7254
7259
7261
7267
7273
7274
7275
7276
7281
7284
7292
7296
7308
7316
7319
7322
7334
7338
7345
7356
7369
7393
7405
7405
7408
7412
7415
7420
7421
7421
7429
7433
7433
7438
7448
7454
7466
7467
7479
7479
7492
7506
7506
7512
7512
7527
7528
7530
7532
7537
7563
7564
7567
7574
7585
7601
7601
7604
7604
7607
7608
7616
7644
7645
7648
7658
7672
7672
7685
7687
7693
7707
7713
7725
7726
7732
7746
7769
7771
7774
7783
7795
7805
7807
7812
7819
7842
7842
7857
7866
7866
7867
7875
7878
7885
7885
7886
7894
7896
7900
7907
7917
7920
7921
7923
7926
7928
7936
7937
7955
7959
7974
7975
7980
7987
7999
8020
8022
8022
8029
8053
8061
8062
8067
8069
8083
8088
8090
8090
8103
8107
8109
8140
8140
8147
8154
8155
8169
8180
8188
8202
8207
8235
8237
8255
8255
8256
8262
8267
8271
8276
8293
8297
8300
8300
8304
8308
8309
8318
8341
8352
8362
8366
8373
8379
8380
8381
8387
8389
8390
8407
8415
8416
8419
8421
8425
8427
8427
8447
8452
8452
8453
8458
8458
8473
8479
8481
8482
8493
8494
8501
8507
8509
8520
8531
8532
8533
8542
8543
8560
8562
8573
8573
8577
8581
8585
8585
8600
8615
8628
8628
8630
8639
8640
8644
8647
8648
8652
8669
8674
8680
8690
8695
8699
8699
8701
8703
8714
8717
8717
8728
8734
8760
8764
8775
8778
8784
8784
8789
8790
8791
8807
8811
8816
8816
8824
8840
8840
8842
8846
8847
8848
8849
8853
8854
8874
8880
8892
8910
8915
8925
8933
8934
8946
8950
8952
8952
8953
8953
8956
8958
8964
8981
8992
8993
8999
9000
9008
9010
9022
9023
9024
9027
9031
9032
9033
9048
9062
9067
9073
9074
9076
9077
9078
9098
9103
9108
9120
9137
9140
9141
9144
9149
9156
9158
9160
9165
9167
9168
9183
9185
9185
9188
9197
9202
9205
9206
9213
9214
9225
9232
9236
9236
9245
9249
9258
9265
9268
9272
9276
9276
9283
9292
9293
9296
9301
9304
9312
9340
9340
9342
9343
9352
9358
9362
9386
9396
9402
9411
9414
9419
9421
9426
9426
9429
9442
9444
9454
9456
9456
9461
9487
9487
9508
9508
9519
9521
9523
9524
9527
9530
9530
9532
9535
9540
9540
9541
9549
9550
9552
9556
9560
9562
9583
9595
9614
9619
9626
9634
9635
9640
9641
9643
9643
9652
9664
9667
9671
9677
9679
9687
9694
9696
9700
9702
9706
9707
9708
9710
9712
9719
9719
9720
9720
9721
9736
9745
9762
9767
9769
9773
9774
9778
9781
9783
9783
9784
9800
9805
9808
9832
9838
9838
9842
9849
9863
9864
9872
9879
9885
9889
9900
9907
9912
9916
9919
9924
9925
9927
9930
9936
9937
9940
9941
9946
9948
9959
9963
9966
9985
9987
9996
9998
10000
10002
10007
10009
10011
10019
10022
10030
10032
10041
10042
10047
10058
10060
10060
10064
10070
10072
10081
10082
10082
10084
10086
10101
10102
10125
10137
10154
10166
10197
10197
10198
10199
10202
10205
10209
10222
10223
10231
10258
10264
10271
10274
10292
10297
10301
10305
10307
10307
10311
10317
10326
10330
10334
10336
10340
10356
10366
10371
10372
10373
10393
10394
10398
10408
10410
10415
10420
10457
10476
10480
10482
10500
10517
10522
10524
10527
10528
10532
10537
10538
10552
10557
10565
10570
10575
10583
10591
10592
10596
10608
10617
10619
10621
10622
10631
10635
10637
10646
10650
10655
10664
10679
10699
10719
10720
10724
10729
10733
10747
10749
10754
10778
10786
10798
10800
10806
10807
10815
10817
10819
10820
10823
10825
10842
10850
10850
10851
10862
10872
10882
10888
10890
10893
10903
10912
10914
10919
10920
10929
10932
10935
10951
10958
10964
10965
10982
10983
10984
10999
11005
11005
11010
11027
11027
11037
11041
11044
11045
11046
11046
11074
11077
11079
11103
11103
11104
11106
11113
11122
11135
11136
11138
11145
11145
11147
11153
11167
11168
11171
11177
11190
11194
11197
11205
11208
11208
11213
11213
11220
11230
11236
11236
11237
11237
11251
11252
11253
11265
11267
11277
11281
11282
11290
11290
11298
11304
11304
11305
11306
11306
11307
11321
11321
11326
11345
11350
11353
11356
11358
11359
11363
11375
11378
11379
11390
11400
11401
11401
11402
11413
11417
11417
11430
11434
11455
11477
11479
11482
11482
11492
11495
11497
11498
11504
11505
11507
11512
11525
11527
11527
11534
11539
11546
11547
11554
11560
11563
11581
11582
11597
11599
11604
11614
11620
11630
11630
11651
11666
11667
11675
11679
11680
11685
11686
11686
11696
11699
11708
11709
11726
11731
11751
11755
11771
11775
11779
11782
11785
11786
11797
11810
11811
11836
11836
11843
11855
11861
11863
11869
11874
11887
11890
11895
11911
11911
11912
11921
11931
11935
11937
11938
11939
11941
11954
11964
11981
11983
11992
11993
11998
12017
12024
12030
12036
12043
12048
12058
12067
12105
12119
12132
12139
12141
12143
12150
12164
12171
12172
12174
12181
12183
12251
12260
12264
12264
12264
12271
12272
12276
12301
12301
12306
12310
12313
12330
12334
12368
12380
12385
12389
12394
12399
12402
12413
12417
12419
12431
12432
12437
12438
12447
12450
12460
12461
12461
12473
12480
12486
12490
12494
12503
12503
12514
12525
12536
12546
12551
12552
12556
12561
12565
12583
12583
12586
12591
12597
12604
12605
12609
12615
12617
12641
12642
12643
12646
12654
12661
12662
12667
12668
12668
12689
12716
12719
12724
12733
12733
12749
12751
12759
12760
12776
12783
12788
12791
12809
12825
12830
12834
12835
12839
12848
12854
12856
12867
12875
12883
12890
12894
12895
12900
12901
12903
12904
12920
12927
12927
12943
12950
12955
12955
12956
12963
12969
12976
12992
12997
13001
13006
13023
13027
13037
13039
13049
13059
13060
13062
13063
13066
13068
13087
13096
13104
13109
13114
13131
13144
13160
13168
13170
13172
13175
13179
13183
13205
13208
13217
13226
13236
13241
13250
13260
13260
13266
13269
13275
13281
13286
13292
13298
13311
13316
13324
13332
13339
13347
13357
13359
13362
13366
13367
13367
13379
13379
13383
13385
13403
13405
13406
13415
13420
13423
13425
13433
13447
13448
13450
13455
13457
13468
13470
13471
13473
13477
13480
13501
13506
13509
13510
13513
13523
13528
13529
13537
13554
13555
13560
13572
13573
13576
13576
13578
13583
13594
13596
13597
13619
13620
13622
13632
13649
13652
13653
13662
13664
13665
13677
13683
13692
13693
13694
13694
13699
13712
13714
13723
13764
13782
13797
13797
13797
13811
13817
13817
13822
13828
13836
13840
13850
13851
13865
13875
13878
13899
13903
13905
13915
13915
13920
13924
13929
13935
13936
13940
13944
13952
13955
13977
13987
13994
13997
13998
13998
13999
14010
14016
14026
14030
14031
14038
14045
14047
14062
14087
14088
14096
14100
14101
14121
14123
14128
14133
14140
14146
14147
14149
14152
14152
14154
14162
14164
14175
14222
14227
14232
14264
14266
14269
14271
14271
14284
14288
14289
14292
14294
14297
14303
14315
14317
14321
14324
14327
14336
14340
14369
14371
14378
14382
14386
14399
14417
14418
14418
14430
14451
14451
14464
14464
14470
14473
14480
14485
14486
14486
14493
14495
14499
14512
14512
14514
14515
14517
14523
14533
14550
14554
14567
14570
14597
14600
14605
14613
14613
14615
14615
14615
14616
14631
14632
14633
14634
14660
14664
14674
14677
14690
14698
14703
14705
14709
14725
14727
14729
14746
14752
14774
14775
14788
14802
14804
14810
14821
14823
14829
14832
14835
14839
14849
14857
14863
14871
14872
14876
14881
14883
14883
14886
14893
14896
14900
14905
14909
14924
14928
14941
14942
14953
14957
14984
14985
15000
15003
15010
15016
15017
15019
15022
15023
15024
15029
15031
15035
15061
15067
15075
15076
15078
15093
15105
15110
15113
15120
15125
15140
15156
15163
15169
15179
15187
15189
15194
15197
15197
15198
15230
15231
15235
15238
15239
15243
15247
15252
15253
15256
15264
15269
15270
15282
15305
15306
15308
15315
15317
15329
15330
15335
15337
15337
15347
15350
15355
15360
15361
15385
15391
15397
15400
15405
15421
15422
15423
15429
15449
15463
15487
15493
15496
15512
15513
15513
15518
15522
15530
15540
15548
15554
15555
15559
15560
15563
15570
15571
15583
15590
15593
15595
15604
15618
15627
15628
15629
15631
15634
15637
15639
15642
15649
15650
15659
15664
15679
15680
15683
15684
15698
15713
15715
15720
15722
15723
15725
15737
15739
15741
15752
15753
15758
15763
15785
15792
15795
15806
15807
15811
15837
15861
15863
15873
15883
15888
15890
15896
15898
15917
15924
15932
15932
15935
15955
15960
15960
15965
15967
15971
15980
15982
15999
16003
16008
16013
16019
16030
16036
16038
16043
16056
16061
16064
16069
16070
16071
16076
16077
16080
16092
16098
16102
16104
16107
16109
16111
16112
16116
16126
16129
16145
16166
16171
16172
16188
16192
16193
16194
16195
16199
16202
16202
16205
16208
16221
16248
16248
16251
16252
16278
16285
16312
16315
16320
16322
16333
16336
16339
16344
16348
16365
16372
16376
16384
16395
16403
16411
16418
16423
16427
16445
16450
16471
16493
16495
16502
16505
16510
16516
16516
16526
16527
16530
16537
16538
16566
16571
16577
16590
16593
16600
16619
16626
16628
16629
16638
16641
16642
16647
16651
16651
16670
16683
16697
16698
16703
16709
16713
16721
16737
16745
16749
16754
16765
16766
16766
16784
16784
16786
16797
16797
16819
16828
16832
16845
16862
16862
16876
16880
16898
16901
16901
16911
16913
16917
16919
16921
16924
16924
16937
16939
16955
16958
16990
16992
16996
17010
17019
17021
17023
17034
17036
17039
17040
17045
17046
17049
17074
17079
17087
17093
17103
17121
17132
17137
17138
17148
17149
17150
17160
17161
17167
17171
17173
17176
17202
17203
17208
17209
17211
17220
17235
17250
17255
17257
17261
17264
17265
17265
17275
17278
17282
17283
17286
17293
17298
17301
17314
17327
17334
17336
17339
17340
17344
17345
17345
17353
17355
17360
17366
17366
17378
17382
17388
17396
17400
17401
17405
17406
17415
17416
17420
17428
17429
17430
17436
17450
17450
17462
17472
17472
17484
17490
17491
17492
17497
17520
17521
17527
17534
17540
17545
17557
17562
17565
17582
17587
17593
17604
17605
17613
17613
17614
17616
17622
17625
17630
17637
17650
17659
17661
17665
17672
17675
17680
17680
17687
17694
17695
17699
17716
17718
17734
17740
17801
17806
17830
17831
17833
17837
17847
17847
17850
17870
17870
17873
17873
17887
17889
17889
17893
17894
17897
17897
17926
17938
17969
17985
17991
17995
18002
18009
18024
18027
18040
18053
18053
18055
18079
18081
18082
18093
18095
18098
18098
18106
18106
18110
18122
18132
18138
18142
18145
18146
18148
18152
18158
18168
18181
18199
18206
18215
18219
18232
18233
18243
18250
18260
18260
18263
18280
18291
18308
18310
18322
18323
18327
18332
18335
18336
18344
18349
18353
18371
18383
18391
18397
18403
18423
18429
18429
18435
18440
18445
18447
18450
18478
18479
18480
18491
18508
18509
18539
18542
18543
18544
18544
18545
18547
18552
18552
18556
18563
18567
18583
18584
18592
18596
18604
18610
18616
18626
18628
18634
18641
18642
18654
18655
18657
18658
18659
18665
18668
18672
18676
18683
18688
18693
18693
18699
18713
18725
18730
18730
18732
18745
18745
18747
18747
18756
18760
18785
18786
18800
18800
18801
18810
18816
18823
18833
18838
18842
18850
18851
18859
18860
18869
18880
18887
18896
18899
18900
18917
18921
18926
18929
18948
18953
18965
18968
18968
18972
18979
18989
19001
19003
19010
19014
19017
19018
19043
19045
19048
19058
19062
19076
19082
19086
19088
19106
19107
19110
19111
19113
19119
19124
19133
19135
19138
19146
19150
19173
19178
19186
19192
19200
19201
19208
19215
19219
19227
19229
19231
19234
19238
19244
19251
19262
19270
19282
19284
19287
19293
19300
19316
19317
19347
19351
19355
19360
19360
19365
19397
19399
19400
19400
19405
19408
19413
19416
19416
19424
19428
19434
19437
19437
19451
19460
19462
19480
19486
19487
19489
19491
19492
19514
19517
19524
19536
19551
19552
19559
19561
19565
19565
19567
19583
19595
19596
19614
19640
19645
19654
19655
19660
19666
19667
19667
19669
19673
19686
19695
19696
19698
19699
19711
19716
19719
19721
19726
19727
19728
19729
19736
19774
19785
19788
19804
19808
19817
19824
19828
19829
19847
19853
19858
19863
19893
19899
19912
19926
19926
19931
19936
19945
19949
19954
19963
19964
19979
19982
19994
19998
20002
20004
20004
20006
20013
20044
20044
20047
20051
20059
20067
20067
20068
20069
20073
20092
20098
20102
20104
20114
20116
20124
20128
20133
20138
20140
20145
20157
20162
20167
20168
20169
20171
20173
20177
20183
20205
20207
20228
20230
20234
20235
20239
20253
20262
20266
20270
20271
20274
20281
20284
20285
20286
20287
20287
20296
20309
20314
20323
20338
20340
20347
20347
20353
20361
20362
20370
20374
20376
20377
20390
20394
20395
20404
20415
20418
20419
20420
20430
20437
20440
20441
20463
20465
20472
20475
20478
20479
20496
20510
20523
20531
20532
20536
20538
20545
20550
20561
20569
20578
20590
20593
20611
20618
20618
20624
20640
20648
20653
20670
20670
20675
20677
20678
20691
20693
20701
20706
20722
20733
20738
20738
20739
20750
20755
20773
20784
20798
20799
20799
20816
20817
20829
20838
20842
20842
20859
20865
20868
20883
20885
20890
20891
20892
20903
20912
20925
20928
20933
20935
20945
20954
20956
20960
20964
20965
20975
20993
20996
21000
21001
21002
21005
21008
21011
21020
21029
21030
21038
21043
21045
21062
21062
21067
21080
21086
21090
21096
21096
21100
21102
21108
21111
21112
21118
21137
21142
21146
21146
21155
21158
21170
21175
21176
21187
21191
21197
21209
21218
21224
21225
21227
21229
21235
21244
21247
21252
21254
21261
21264
21274
21276
21286
21290
21295
21319
21335
21339
21341
21347
21358
21369
21372
21373
21386
21403
21410
21411
21424
21424
21430
21463
21468
21472
21478
21480
21491
21496
21500
21502
21503
21505
21514
21557
21557
21557
21560
21561
21565
21575
21579
21589
21614
21620
21637
21640
21652
21654
21656
21658
21664
21670
21702
21704
21716
21728
21733
21739
21743
21747
21748
21750
21751
21756
21757
21760
21787
21791
21806
21808
21809
21811
21812
21813
21815
21836
21839
21852
21860
21869
21875
21877
21883
21887
21893
21909
21916
21922
21946
21950
21954
21957
21960
21965
21966
21977
21995
22000
22001
22005
22010
22027
22029
22030
22042
22052
22055
22059
22060
22071
22094
22094
22095
22102
22115
22122
22125
22130
22141
22142
22145
22145
22148
22158
22162
22165
22191
22207
22208
22211
22219
22222
22237
22239
22242
22243
22263
22266
22268
22272
22279
22283
22283
22289
22290
22295
22303
22303
22309
22314
22321
22326
22333
22348
22356
22358
22404
22405
22411
22418
22418
22422
22427
22427
22437
22438
22445
22446
22453
22460
22466
22469
22472
22483
22488
22492
22499
22512
22518
22521
22526
22527
22529
22532
22532
22538
22541
22542
22553
22556
22556
22561
22580
22581
22591
22593
22597
22597
22602
22619
22623
22642
22644
22657
22672
22676
22692
22695
22696
22702
22702
22706
22714
22735
22737
22752
22758
22764
22766
22769
22771
22778
22784
22789
22837
22840
22844
22844
22845
22861
22875
22886
22894
22904
22919
22922
22933
22948
22950
22950
22951
22970
22998
22999
22999
23003
23006
23008
23008
23028
23032
23040
23040
23048
23051
23070
23076
23078
23079
23085
23086
23087
23103
23111
23123
23146
23148
23151
23163
23170
23187
23192
23193
23202
23204
23206
23222
23238
23240
23244
23250
23254
23263
23270
23277
23277
23282
23283
23284
23285
23288
23293
23294
23298
23301
23320
23328
23342
23372
23378
23398
23400
23404
23421
23425
23431
23433
23436
23437
23451
23453
23472
23472
23482
23483
23496
23500
23501
23509
23515
23522
23530
23559
23581
23582
23586
23596
23599
23599
23601
23604
23614
23615
23619
23631
23644
23644
23651
23659
23666
23681
23682
23684
23685
23688
23691
23693
23694
23702
23712
23724
23730
23734
23740
23741
23741
23744
23753
23759
23762
23765
23766
23779
23784
23786
23799
23811
23822
23829
23831
23842
23854
23862
23864
23869
23877
23884
23885
23887
23889
23890
23891
23891
23896
23897
23915
23916
23919
23935
23935
23938
23942
23949
23950
23968
23978
23981
23984
23993
24001
24004
24006
24007
24009
24020
24020
24025
24044
24044
24053
24054
24057
24058
24059
24060
24062
24069
24071
24090
24095
24096
24103
24104
24107
24125
24126
24128
24137
24138
24147
24151
24154
24190
24198
24202
24207
24228
24232
24271
24272
24278
24296
24304
24305
24308
24310
24315
24317
24318
24322
24322
24323
24323
24326
24334
24352
24361
24362
24368
24369
24383
24388
24404
24406
24413
24417
24419
24430
24432
24433
24433
24441
24447
24454
24466
24467
24477
24478
24483
24495
24498
24501
24507
24509
24512
24518
24521
24530
24548
24550
24551
24564
24566
24568
24577
24586
24595
24610
24617
24640
24642
24647
24659
24660
24663
24668
24683
24687
24698
24704
24723
24727
24732
24735
24735
24740
24740
24750
24760
24761
24763
24763
24773
24789
24807
24810
24820
24824
24828
24829
24840
24843
24844
24848
24856
24858
24862
24863
24871
24874
24876
24881
24890
24895
24904
24904
24904
24907
24907
24931
24947
24948
24978
24999
25000
25007
25010
25028
25031
25032
25041
25047
25049
25051
25059
25059
25061
25071
25072
25086
25097
25099
25108
25118
25138
25143
25147
25148
25152
25152
25156
25158
25162
25165
25171
25172
25189
25191
25193
25206
25211
25214
25229
25233
25237
25240
25243
25246
25266
25267
25282
25285
25293
25293
25299
25301
25303
25313
25326
25327
25329
25331
25333
25374
25378
25381
25383
25408
25415
25432
25443
25446
25447
25458
25460
25467
25468
25485
25487
25488
25499
25500
25520
25526
25546
25553
25557
25584
25585
25588
25596
25602
25602
25606
25606
25611
25619
25623
25630
25633
25635
25638
25641
25651
25661
25661
25669
25671
25672
25676
25687
25711
25711
25725
25729
25738
25745
25745
25758
25758
25764
25784
25785
25801
25804
25813
25822
25826
25836
25849
25850
25851
25855
25863
25878
25880
25884
25891
25894
25903
25907
25912
25918
25923
25936
25963
25973
25985
25987
25989
25991
26008
26009
26011
26022
26027
26028
26035
26035
26043
26070
26074
26090
26094
26096
26099
26110
26126
26136
26139
26159
26169
26169
26178
26180
26190
26195
26201
26203
26232
26236
26248
26276
26279
26286
26303
26304
26327
26330
26361
26363
26365
26374
26378
26394
26406
26406
26407
26408
26424
26425
26434
26435
26439
26442
26448
26463
26463
26482
26491
26497
26507
26522
26523
26528
26531
26531
26532
26537
26541
26550
26552
26555
26559
26568
26569
26572
26588
26591
26612
26612
26614
26628
26637
26644
26648
26668
26677
26688
26701
26704
26714
26721
26726
26729
26730
26736
26740
26750
26757
26777
26777
26785
26789
26797
26802
26804
26809
26827
26830
26839
26855
26860
26868
26876
26900
26902
26904
26906
26912
26918
26923
26932
26937
26937
26940
26955
26956
26957
26964
26969
26974
26978
26981
26981
26989
26992
26995
26995
26997
27002
27007
27020
27023
27033
27034
27046
27049
27050
27051
27069
27071
27076
27084
27085
27103
27104
27108
27121
27143
27157
27160
27161
27166
27185
27188
27192
27203
27207
27213
27213
27225
27238
27256
27266
27274
27298
27309
27334
27339
27342
27343
27354
27354
27372
27376
27379
27390
27398
27400
27400
27405
27409
27414
27416
27418
27426
27446
27463
27465
27473
27482
27487
27490
27493
27508
27517
27521
27529
27537
27540
27547
27557
27558
27567
27572
27573
27577
27581
27584
27584
27589
27592
27594
27603
27603
27607
27610
27625
27627
27633
27638
27643
27645
27651
27666
27672
27674
27677
27681
27692
27693
27695
27701
27709
27719
27723
27728
27737
27737
27744
27747
27756
27770
27774
27777
27786
27790
27797
27800
27811
27814
27817
27818
27823
27825
27828
27829
27843
27863
27868
27870
27870
27875
27876
27886
27905
27905
27907
27913
27914
27930
27933
27940
27944
27949
27950
27965
27966
27978
27996
28009
28013
28015
28028
28038
28043
28047
28047
28048
28078
28083
28091
28098
28104
28110
28115
28127
28130
28131
28133
28137
28139
28155
28158
28168
28172
28173
28176
28177
28178
28184
28185
28187
28191
28200
28211
28233
28234
28238
28254
28254
28305
28309
28315
28318
28336
28345
28348
28352
28357
28357
28359
28361
28372
28384
28396
28400
28402
28405
28406
28422
28422
28423
28425
28427
28433
28433
28434
28437
28441
28447
28449
28465
28470
28472
28475
28476
28477
28481
28481
28482
28495
28502
28511
28512
28520
28524
28527
28530
28539
28542
28547
28547
28573
28575
28575
28577
28579
28583
28593
28610
28611
28614
28620
28627
28635
28641
28644
28650
28669
28682
28689
28690
28706
28707
28708
28712
28725
28726
28741
28744
28744
28751
28754
28761
28764
28779
28786
28794
28808
28813
28825
28829
28830
28832
28836
28837
28842
28848
28874
28879
28893
28895
28906
28912
28913
28917
28936
28936
28939
28941
28942
28950
28951
28955
28956
28966
28980
28984
28998
28999
29003
29009
29009
29033
29034
29041
29048
29049
29052
29052
29056
29090
29092
29094
29095
29106
29107
29108
29114
29115
29123
29125
29125
29142
29144
29148
29159
29168
29177
29192
29201
29209
29227
29228
29239
29240
29243
29245
29251
29253
29256
29268
29269
29275
29277
29283
29288
29289
29290
29290
29295
29302
29307
29312
29314
29319
29324
29332
29335
29336
29343
29350
29363
29370
29372
29383
29388
29396
29396
29399
29402
29441
29486
29490
29494
29502
29503
29505
29507
29510
29537
29546
29578
29589
29590
29594
29605
29629
29632
29638
29641
29642
29646
29647
29648
29649
29668
29673
29677
29686
29706
29707
29710
29712
29713
29730
29746
29748
29748
29752
29753
29753
29769
29782
29793
29796
29798
29798
29800
29803
29805
29814
29815
29820
29830
29833
29835
29846
29851
29852
29865
29883
29900
29908
29916
29924
29931
29931
29932
29934
29940
29943
29955
29971
29973
29976
29992
30008
30014
30016
30025
30026
30038
30043
30045
30045
30049
30068
30076
30076
30083
30084
30093
30097
30106
30106
30108
30115
30122
30131
30141
30141
30148
30148
30155
30156
30156
30161
30169
30193
30194
30199
30215
30222
30226
30232
30236
30238
30252
30264
30267
30272
30286
30290
30305
30311
30322
30322
30323
30325
30329
30346
30346
30352
30355
30365
30384
30386
30396
30405
30416
30417
30434
30442
30449
30455
30460
30465
30478
30482
30487
30496
30496
30498
30501
30506
30509
30512
30512
30530
30533
30535
30538
30541
30543
30546
30554
30559
30571
30573
30575
30576
30577
30581
30599
30606
30607
30611
30616
30620
30635
30641
30647
30651
30652
30654
30655
30655
30656
30657
30671
30681
30689
30707
30715
30716
30720
30729
30733
30734
30741
30748
30754
30757
30769
30783
30792
30799
30800
30803
30809
30813
30823
30824
30829
30835
30836
30837
30841
30853
30858
30865
30870
30872
30872
30879
30880
30881
30888
30889
30892
30915
30928
30942
30946
30946
30956
30958
30959
30972
30973
30985
30986
30987
31000
31001
31005
31006
31008
31009
31016
31016
31017
31018
31028
31043
31046
31081
31087
31091
31096
31096
31097
31108
31117
31117
31128
31129
31135
31138
31157
31161
31171
31180
31185
31198
31201
31202
31203
31233
31247
31248
31255
31282
31291
31298
31300
31314
31314
31316
31322
31324
31348
31363
31363
31377
31378
31389
31392
31404
31410
31412
31420
31423
31432
31435
31443
31456
31461
31482
31488
31490
31493
31503
31506
31510
31515
31516
31517
31519
31528
31543
31547
31547
31551
31556
31563
31569
31588
31604
31604
31608
31620
31626
31630
31630
31633
31658
31666
31677
31679
31683
31686
31690
31697
31714
31727
31734
31739
31751
31758
31760
31763
31765
31792
31793
31799
31808
31809
31813
31818
31822
31837
31843
31847
31854
31860
31864
31871
31876
31899
31904
31907
31918
31919
31931
31938
31954
31959
31966
31970
31976
31980
31982
31993
31993
31995
32010
32011
32025
32031
32031
32036
32048
32051
32056
32058
32062
32071
32078
32085
32087
32106
32107
32125
32126
32127
32153
32156
32161
32173
32174
32178
32180
32180
32181
32190
32192
32200
32208
32218
32218
32219
32221
32228
32228
32229
32240
32243
32243
32248
32253
32275
32282
32297
32305
32319
32323
32327
32329
32336
32338
32351
32357
32359
32369
32378
32380
32383
32386
32386
32393
32409
32411
32414
32438
32448
32466
32467
32469
32471
32498
32501
32502
32502
32510
32517
32521
32522
32522
32525
32534
32545
32545
32547
32549
32560
32561
32561
32586
32602
32603
32621
32624
32634
32644
32652
32657
32660
32671
32673
32674
32674
32678
32684
32686
32701
32712
32716
32738
32753
32763
